00111100000100010001000000000001
00100000000000100000000000000100
10001101111100100000000000001000
10101110001000110000000000100000
00010000100001010000000000001011
00000001001010100000000000011000
00000000000000001010100000010010
00000010010101000000000000011010
00000000000000000110100000010000
00000000000100100010100011000000
00000010110011111001100000100101
00110101101101100000000000000100
00100001101110001111111111111101
00001100000001000000000000011100
00000010101000000000000000001000
00001000000001000000000000011100
00000011111000000000000000001000
